5797 15797
6122 16122
18445 28445
13504 23504
27779 37779
11284 21284
22408 32408
31396 41396
13592 23592
7631 17631
20773 30773
3489 13489
14306 24306
12406 22406
23908 33908
23692 33692
12140 22140
24371 34371
19028 29028
32389 42389
4713 14713
20933 30933
15690 25690
28122 38122
29439 39439
3713 13713
11480 21480
27177 37177
26725 36725
3479 13479
14077 24077
17861 27861
14000 24000
4503 14503
10138 20138
8795 18795
10474 20474
26932 36932
17189 27189
24790 34790
20837 30837
32327 42327
10657 20657
18559 28559
9294 19294
22039 32039
26062 36062
10601 20601
8325 18325
26327 36327
31901 41901
32268 42268
31404 41404
26224 36224
4326 14326
20528 30528
32383 42383
30337 40337
28509 38509
25869 35869
6755 16755
20900 30900
5827 15827
29872 39872
18753 28753
24052 34052
4185 14185
28832 38832
20116 30116
18636 28636
11418 21418
7618 17618
30913 40913
4049 14049
30761 40761
1402 11402
23976 33976
6962 16962
32009 42009
531 10531
17784 27784
19758 29758
9228 19228
27233 37233
14279 24279
10967 20967
19086 29086
8356 18356
24290 34290
534 10534
24674 34674
2224 12224
13665 23665
12528 22528
8717 18717
10571 20571
12799 22799
29191 39191
17202 27202
31959 41959
26025 36025
21092 31092
7502 17502
13617 23617
16341 26341
13427 23427
13990 23990
30424 40424
27925 37925
1103 11103
13693 23693
20306 30306
1004 11004
320 10320
5001 15001
27339 37339
29664 39664
16515 26515
9640 19640
19712 29712
27344 37344
19785 29785
19408 29408
4443 14443
9352 19352
2561 12561
23876 33876
30303 40303
22675 32675
14042 24042
9486 19486
14407 24407
14928 24928
16772 26772
681 10681
32490 42490
16201 26201
16951 26951
766 10766
25314 35314
8127 18127
18935 28935
1426 11426
19949 29949
17802 27802
26134 36134
16893 26893
14995 24995
7456 17456
31994 41994
16798 26798
5898 15898
31987 41987
26657 36657
8589 18589
20310 30310
5888 15888
28513 38513
12497 22497
17076 27076
10404 20404
2421 12421
16083 26083
10297 20297
23730 33730
1461 11461
11795 21795
9911 19911
5060 15060
805 10805
7962 17962
9184 19184
1742 11742
22705 32705
18352 28352
3758 13758
30713 40713
21175 31175
19022 29022
10498 20498
26030 36030
27078 37078
8662 18662
5259 15259
29680 39680
22182 32182
30082 40082
9961 19961
32752 42752
10136 20136
26906 36906
18706 28706
4571 14571
15070 25070
15723 25723
26101 36101
8439 18439
17022 27022
21748 31748
11358 21358
24046 34046
13636 23636
28898 38898
10266 20266
30570 40570
20742 30742
14911 24911
30299 40299
3297 13297
4651 14651
27494 37494
6494 16494
17331 27331
17518 27518
11706 21706
12106 22106
12914 22914
4320 14320
32663 42663
4188 14188
5760 15760
11564 21564
13961 23961
6209 16209
2016 12016
4127 14127
29116 39116
7875 17875
8006 18006
20328 30328
4276 14276
25512 35512
17008 27008
2716 12716
574 10574
29143 39143
2745 12745
1917 11917
32679 42679
15805 25805
31212 41212
25467 35467
2091 12091
751 10751
29014 39014
32379 42379
12464 22464
9489 19489
7967 17967
728 10728
7093 17093
6134 16134
21978 31978
11943 21943
11653 21653
4872 14872
602 10602
16960 26960
20656 30656
5099 15099
13255 23255
14330 24330
24251 34251
29789 39789
27122 37122
10549 20549
279 10279
5985 15985
7654 17654
1182 11182
7760 17760
29084 39084
14528 24528
31150 41150
10119 20119
28927 38927
27840 37840
15732 25732
23074 33074
1958 11958
9375 19375
3221 13221
18882 28882
24064 34064
32035 42035
3729 13729
18037 28037
28721 38721
31986 41986
32327 42327
29486 39486
6836 16836
32420 42420
15292 25292
8306 18306
23109 33109
283 10283
11032 21032
16211 26211
17150 27150
21015 31015
1265 11265
162 10162
29376 39376
18181 28181
31692 41692
29793 39793
724 10724
30744 40744
23265 33265
15735 25735
15570 25570
12699 22699
543 10543
11687 21687
5826 15826
3974 13974
25456 35456
24003 34003
14978 24978
30543 40543
25918 35918
5661 15661
7272 17272
25602 35602
20022 30022
6975 16975
25895 35895
14484 24484
7756 17756
13020 23020
13047 23047
3189 13189
30975 40975
29958 39958
30192 40192
9828 19828
1246 11246
15776 25776
27575 37575
6535 16535
25675 35675
21015 31015
32349 42349
14523 24523
11135 21135
3917 13917
2692 12692
21545 31545
30670 40670
13270 23270
20676 30676
29978 39978
3116 13116
6759 16759
5709 15709
3084 13084
5873 15873
30859 40859
14541 24541
17668 27668
1241 11241
30104 40104
14740 24740
30247 40247
1359 11359
11746 21746
1014 11014
23684 33684
9195 19195
30254 40254
29424 39424
6965 16965
6969 16969
29546 39546
23055 33055
12454 22454
17596 27596
23195 33195
5518 15518
22068 32068
18994 28994
27926 37926
26046 36046
32250 42250
31770 41770
1267 11267
6571 16571
25319 35319
29044 39044
17855 27855
19709 29709
24340 34340
21704 31704
17777 27777
15644 25644
31829 41829
617 10617
16799 26799
31128 41128
29455 39455
23547 33547
13554 23554
29639 39639
2889 12889
30003 40003
24792 34792
12720 22720
5125 15125
32222 42222
8056 18056
10279 20279
25808 35808
3365 13365
4587 14587
58 10058
7576 17576
12815 22815
32425 42425
19404 29404
6334 16334
27975 37975
29761 39761
28032 38032
17260 27260
30752 40752
1102 11102
14297 24297
20521 30521
31958 41958
10918 20918
1951 11951
30634 40634
9239 19239
13524 23524
23940 33940
15339 25339
7105 17105
15817 25817
15111 25111
24959 34959
31470 41470
4558 14558
18073 28073
4901 14901
10030 20030
3773 13773
31486 41486
25499 35499
7955 17955
21617 31617
26103 36103
8631 18631
19955 29955
22907 32907
14878 24878
12979 22979
19689 29689
14358 24358
14353 24353
26313 36313
13597 23597
18270 28270
13010 23010
31743 41743
26437 36437
21692 31692
13166 23166
17221 27221
27756 37756
4517 14517
32733 42733
7101 17101
21490 31490
2436 12436
2346 12346
14426 24426
13013 23013
13300 23300
1236 11236
25516 35516
10286 20286
30515 40515
13683 23683
13818 23818
2815 12815
11987 21987
9886 19886
29074 39074
9515 19515
2739 12739
24589 34589
31069 41069
8134 18134
23086 33086
21499 31499
5558 15558
1167 11167
6034 16034
3278 13278
31612 41612
30907 40907
18388 28388
24058 34058
18790 28790
5365 15365
642 10642
7203 17203
28567 38567
32418 42418
13816 23816
8322 18322
13683 23683
9833 19833
31703 41703
7049 17049
20912 30912
20467 30467
4531 14531
31434 41434
18608 28608
18159 28159
18956 28956
26133 36133
1294 11294
25946 35946
2432 12432
6112 16112
24183 34183
20221 30221
9278 19278
5356 15356
699 10699
1591 11591
12222 22222
1830 11830
29987 39987
15868 25868
7344 17344
16332 26332
6150 16150
3358 13358
11570 21570
9424 19424
29847 39847
26315 36315
6981 16981
3457 13457
13569 23569
31832 41832
898 10898
21096 31096
1206 11206
27708 37708
26633 36633
5232 15232
19203 29203
25184 35184
24507 34507
32587 42587
29673 39673
3478 13478
17833 27833
2832 12832
15144 25144
3686 13686
31947 41947
297 10297
11676 21676
17169 27169
7158 17158
18540 28540
21708 31708
5328 15328
5640 15640
15496 25496
16577 26577
10845 20845
12902 22902
5283 15283
25620 35620
9140 19140
27048 37048
7489 17489
30283 40283
17179 27179
31378 41378
18792 28792
20582 30582
10080 20080
19270 29270
24322 34322
30644 40644
31586 41586
27321 37321
17026 27026
19179 29179
16082 26082
18020 28020
9674 19674
1400 11400
3131 13131
26684 36684
7756 17756
3348 13348
64 10064
20707 30707
26224 36224
15768 25768
9766 19766
16928 26928
20022 30022
10002 20002
3474 13474
3469 13469
7965 17965
29208 39208
28051 38051
15247 25247
30531 40531
24156 34156
30946 40946
7819 17819
24525 34525
3969 13969
18281 28281
9815 19815
8841 18841
7213 17213
30979 40979
2031 12031
8914 18914
4960 14960
30083 40083
3434 13434
15797 25797
27652 37652
28151 38151
8748 18748
30034 40034
4805 14805
814 10814
28508 38508
27524 37524
2594 12594
13687 23687
7321 17321
28612 38612
20676 30676
428 10428
2280 12280
9290 19290
527 10527
20335 30335
4081 14081
32374 42374
25848 35848
5300 15300
12140 22140
9839 19839
23830 33830
21120 31120
8406 18406
31242 41242
29179 39179
20207 30207
15208 25208
14061 24061
24772 34772
12412 22412
12873 22873
4084 14084
27631 37631
24189 34189
771 10771
12755 22755
23917 33917
19181 29181
10292 20292
31485 41485
28408 38408
2414 12414
25734 35734
27333 37333
3239 13239
22414 32414
14816 24816
3011 13011
9664 19664
31306 41306
24798 34798
23930 33930
32717 42717
5329 15329
21631 31631
311 10311
16370 26370
23690 33690
17950 27950
11836 21836
7805 17805
20055 30055
3492 13492
12574 22574
30911 40911
18716 28716
27131 37131
31340 41340
13595 23595
12667 22667
9670 19670
145 10145
11612 21612
738 10738
29775 39775
30972 40972
4939 14939
29128 39128
6848 16848
11390 21390
898 10898
819 10819
14743 24743
27379 37379
14971 24971
15742 25742
19028 29028
25124 35124
8172 18172
22105 32105
9588 19588
23532 33532
7255 17255
529 10529
9379 19379
10138 20138
27868 37868
18450 28450
13614 23614
12951 22951
26963 36963
170 10170
28343 38343
5193 15193
28823 38823
24591 34591
556 10556
4406 14406
28452 38452
12964 22964
5370 15370
22893 32893
13285 23285
11896 21896
23677 33677
1570 11570
1863 11863
32271 42271
3515 13515
6808 16808
14482 24482
26726 36726
30035 40035
3140 13140
5497 15497
14897 24897
19376 29376
5679 15679
32752 42752
21607 31607
6530 16530
23452 33452
5693 15693
1024 11024
16495 26495
7659 17659
8530 18530
1790 11790
31749 41749
2493 12493
15706 25706
25258 35258
28404 38404
24409 34409
28818 38818
28448 38448
4218 14218
31310 41310
9306 19306
15373 25373
3614 13614
31834 41834
13452 23452
12984 22984
30113 40113
8075 18075
2316 12316
6463 16463
15154 25154
29604 39604
28064 38064
23331 33331
28641 38641
2754 12754
7170 17170
15111 25111
15446 25446
22847 32847
11316 21316
20917 30917
29635 39635
19671 29671
24340 34340
32354 42354
21271 31271
24329 34329
30512 40512
11315 21315
16501 26501
9920 19920
5083 15083
4352 14352
7908 17908
11571 21571
17025 27025
18775 28775
2632 12632
2570 12570
14903 24903
30148 40148
3985 13985
2754 12754
30102 40102
15695 25695
13618 23618
26962 36962
7882 17882
22855 32855
26580 36580
22031 32031
486 10486
3646 13646
8012 18012
22733 32733
31098 41098
13909 23909
20427 30427
19783 29783
2408 12408
16570 26570
31573 41573
32449 42449
7155 17155
19054 29054
30581 40581
9963 19963
5401 15401
13388 23388
15150 25150
21513 31513
12323 22323
23111 33111
18740 28740
31313 41313
23418 33418
20467 30467
2653 12653
13460 23460
1724 11724
17991 27991
11346 21346
30753 40753
5903 15903
32417 42417
22666 32666
16359 26359
30134 40134
28426 38426
22393 32393
29401 39401
27874 37874
31675 41675
29700 39700
2455 12455
18122 28122
27105 37105
13113 23113
14154 24154
25341 35341
28574 38574
13373 23373
6607 16607
13815 23815
1360 11360
19589 29589
13593 23593
26355 36355
23573 33573
13385 23385
15824 25824
1 10001
7567 17567
22326 32326
30526 40526
25688 35688
22756 32756
7524 17524
10348 20348
237 10237
16649 26649
16519 26519
27784 37784
27461 37461
8257 18257
361 10361
25226 35226
25223 35223
9440 19440
20888 30888
24 10024
26325 36325
27477 37477
17755 27755
2982 12982
23260 33260
26983 36983
25067 35067
481 10481
25514 35514
7871 17871
7136 17136
27214 37214
31424 41424
11943 21943
6634 16634
24366 34366
26217 36217
18193 28193
4033 14033
19622 29622
3146 13146
30939 40939
17759 27759
11036 21036
21049 31049
25937 35937
7788 17788
14564 24564
339 10339
25844 35844
13818 23818
30492 40492
24392 34392
2938 12938
25202 35202
28116 38116
29178 39178
11541 21541
13774 23774
31603 41603
8519 18519
18680 28680
19977 29977
13141 23141
11042 21042
32024 42024
2516 12516
4025 14025
7657 17657
26415 36415
30091 40091
31451 41451
19698 29698
5895 15895
1127 11127
29533 39533
29544 39544
30197 40197
27125 37125
20459 30459
31061 41061
18339 28339
10183 20183
26143 36143
3839 13839
10259 20259
9065 19065
6306 16306
4728 14728
10977 20977
22678 32678
4245 14245
29553 39553
32713 42713
31660 41660
9775 19775
2383 12383
16488 26488
8286 18286
15527 25527
3969 13969
19271 29271
14505 24505
5460 15460
15376 25376
20501 30501
9 10009
24083 34083
9335 19335
28980 38980
9964 19964
32489 42489
25782 35782
7800 17800
21095 31095
27369 37369
15522 25522
3371 13371
17448 27448
30808 40808
6015 16015
29012 39012
16044 26044
1040 11040
12752 22752
23608 33608
31154 41154
25634 35634
20846 30846
25634 35634
15087 25087
28095 38095
17368 27368
31072 41072
26371 36371
4697 14697
5834 15834
3214 13214
7852 17852
22533 32533
16145 26145
27159 37159
15417 25417
12580 22580
8605 18605
28408 38408
17730 27730
30530 40530
13016 23016
31431 41431
9367 19367
3390 13390
8246 18246
17140 27140
16502 26502
27819 37819
14349 24349
27472 37472
16641 26641
8823 18823
936 10936
1995 11995
6894 16894
32458 42458
18327 28327
27522 37522
12929 22929
31793 41793
24136 34136
26873 36873
10935 20935
8700 18700
8412 18412
26532 36532
13509 23509
26085 36085
21043 31043
29357 39357
29632 39632
20722 30722
16457 26457
9457 19457
18590 28590
27548 37548
4038 14038
5708 15708
6749 16749
13616 23616
26064 36064
11798 21798
28290 38290
10870 20870
25636 35636
32493 42493
26053 36053
8081 18081
11109 21109
4021 14021
28939 38939
28966 38966
22451 32451
13790 23790
21140 31140
20672 30672
11136 21136
25829 35829
16246 26246
12403 22403
23711 33711
5918 15918
13642 23642
4544 14544
14238 24238
13232 23232
22565 32565
15289 25289
3414 13414
5601 15601
27850 37850
7269 17269
7872 17872
6548 16548
17181 27181
22886 32886
31499 41499
20751 30751
9435 19435
21465 31465
1003 11003
18434 28434
7305 17305
9086 19086
3123 13123
30661 40661
10410 20410
19737 29737
17574 27574
20706 30706
12085 22085
14360 24360
27402 37402
32211 42211
17734 27734
10101 20101
28543 38543
17165 27165
7956 17956
14814 24814
1039 11039
8253 18253
15395 25395
13588 23588
19078 29078
5841 15841
9147 19147
8337 18337
5252 15252
14778 24778
17816 27816
29549 39549
27088 37088
27248 37248
21219 31219
22914 32914
18671 28671
26423 36423
9057 19057
21455 31455
22006 32006
3746 13746
31467 41467
14362 24362
27548 37548
31829 41829
17182 27182
21465 31465
17043 27043
25358 35358
3411 13411
13907 23907
8985 18985
18407 28407
28881 38881
26115 36115
21706 31706
725 10725
6466 16466
1341 11341
16568 26568
10357 20357
6500 16500
10772 20772
31165 41165
16648 26648
22017 32017
28026 38026
7952 17952
28859 38859
7457 17457
30121 40121
19735 29735
29997 39997
15742 25742
32706 42706
4220 14220
7211 17211
12856 22856
11444 21444
3971 13971
6078 16078
14026 24026
5472 15472
23963 33963
21351 31351
22333 32333
27131 37131
11571 21571
11945 21945
20636 30636
8371 18371
21454 31454
16584 26584
21927 31927
30613 40613
21594 31594
2513 12513
3019 13019
19886 29886
25533 35533
13530 23530
21586 31586
6000 16000
7090 17090
20363 30363
13784 23784
29272 39272
20435 30435
6877 16877
31230 41230
7118 17118
14582 24582
22818 32818
21346 31346
20301 30301
27325 37325
15686 25686
8142 18142
20419 30419
18281 28281
24404 34404
6831 16831
8251 18251
26095 36095
23099 33099
5065 15065
12217 22217
7758 17758
30419 40419
32298 42298
31845 41845
12319 22319
2075 12075
27484 37484
29164 39164
14190 24190
23749 33749
18143 28143
1828 11828
25544 35544
27124 37124
26070 36070
24303 34303
9621 19621
4932 14932
16129 26129
28769 38769
17833 27833
13323 23323
24299 34299
31269 41269
6933 16933
19934 29934
27749 37749
17692 27692
21315 31315
87 10087
20786 30786
31304 41304
66 10066
11798 21798
23300 33300
4073 14073
24926 34926
29446 39446
26792 36792
4581 14581
6644 16644
20449 30449
30589 40589
18797 28797
19076 29076
12023 22023
9514 19514
2014 12014
16392 26392
9771 19771
31120 41120
6373 16373
11652 21652
6718 16718
3326 13326
8167 18167
9183 19183
10064 20064
24228 34228
25760 35760
15345 25345
29347 39347
28491 38491
21258 31258
9949 19949
18851 28851
29763 39763
12928 22928
6305 16305
12835 22835
13980 23980
22563 32563
16619 26619
20458 30458
29337 39337
22653 32653
17967 27967
17262 27262
19297 29297
31844 41844
30454 40454
26079 36079
9976 19976
32033 42033
9593 19593
1639 11639
1646 11646
19410 29410
24942 34942
3249 13249
11862 21862
26637 36637
1058 11058
9384 19384
13178 23178
2502 12502
17096 27096
22401 32401
16333 26333
8819 18819
15120 25120
13819 23819
9121 19121
31085 41085
11772 21772
30693 40693
1818 11818
26522 36522
23792 33792
13537 23537
20451 30451
30281 40281
15624 25624
6761 16761
3871 13871
25949 35949
29869 39869
17167 27167
2979 12979
23726 33726
22379 32379
4873 14873
15458 25458
19628 29628
21501 31501
15852 25852
18216 28216
16966 26966
2218 12218
22968 32968
22412 32412
12810 22810
29141 39141
8981 18981
25120 35120
32397 42397
26319 36319
22236 32236
10218 20218
15885 25885
22767 32767
17625 27625
3608 13608
853 10853
2277 12277
32720 42720
7663 17663
11745 21745
9803 19803
20157 30157
16645 26645
1347 11347
3453 13453
17248 27248
3504 13504
9157 19157
6059 16059
6649 16649
14270 24270
29776 39776
12588 22588
18001 28001
31078 41078
18316 28316
10773 20773
20985 30985
2175 12175
17481 27481
29963 39963
28630 38630
27632 37632
14110 24110
18517 28517
26846 36846
17768 27768
1359 11359
21813 31813
17948 27948
25423 35423
18164 28164
2425 12425
23546 33546
12028 22028
19544 29544
3917 13917
6847 16847
19240 29240
4768 14768
32595 42595
18519 28519
30370 40370
27565 37565
30966 40966
1875 11875
1861 11861
23875 33875
5371 15371
20272 30272
4392 14392
31594 41594
26200 36200
14812 24812
3604 13604
16916 26916
32074 42074
19062 29062
6459 16459
12801 22801
8354 18354
4437 14437
4902 14902
13536 23536
12639 22639
20813 30813
16880 26880
3255 13255
27778 37778
2605 12605
16818 26818
21124 31124
32542 42542
3212 13212
22846 32846
18469 28469
8367 18367
31430 41430
1808 11808
373 10373
10156 20156
23361 33361
23169 33169
10424 20424
19552 29552
8181 18181
27966 37966
25145 35145
3573 13573
18219 28219
4345 14345
4913 14913
28114 38114
31108 41108
1374 11374
4075 14075
29991 39991
18750 28750
19017 29017
29990 39990
14533 24533
30387 40387
25142 35142
12475 22475
20276 30276
24098 34098
6393 16393
32127 42127
27903 37903
29362 39362
8879 18879
22123 32123
6995 16995
27316 37316
9972 19972
9466 19466
15560 25560
297 10297
3158 13158
11987 21987
21631 31631
28804 38804
6154 16154
1704 11704
17261 27261
2737 12737
13790 23790
1118 11118
28662 38662
4693 14693
31855 41855
2158 12158
3006 13006
14680 24680
16796 26796
3723 13723
27580 37580
26785 36785
21306 31306
21381 31381
9872 19872
13600 23600
10249 20249
4717 14717
27926 37926
9746 19746
7399 17399
7418 17418
20795 30795
12416 22416
4676 14676
21291 31291
28431 38431
3081 13081
32214 42214
15918 25918
11292 21292
17634 27634
17550 27550
21121 31121
247 10247
12059 22059
28874 38874
7511 17511
276 10276
7972 17972
6348 16348
24893 34893
5342 15342
2959 12959
2411 12411
26109 36109
6663 16663
31767 41767
2312 12312
32706 42706
24093 34093
27106 37106
18116 28116
4478 14478
10079 20079
29955 39955
18928 28928
3721 13721
16334 26334
4931 14931
30150 40150
16267 26267
13959 23959
7201 17201
30038 40038
20123 30123
19279 29279
22039 32039
9154 19154
24232 34232
14448 24448
26911 36911
17582 27582
12824 22824
20164 30164
23158 33158
8435 18435
9392 19392
6159 16159
30112 40112
23443 33443
31924 41924
29585 39585
18092 28092
4850 14850
22351 32351
24796 34796
2489 12489
8771 18771
13364 23364
27876 37876
13241 23241
5952 15952
25734 35734
30037 40037
30837 40837
12318 22318
24822 34822
13865 23865
29138 39138
30144 40144
19243 29243
21881 31881
19538 29538
17963 27963
7782 17782
24979 34979
7389 17389
25402 35402
21350 31350
30030 40030
17346 27346
22930 32930
31625 41625
30362 40362
249 10249
21465 31465
5941 15941
9051 19051
7595 17595
11811 21811
11126 21126
24696 34696
20211 30211
23981 33981
23272 33272
32558 42558
13799 23799
206 10206
1496 11496
27819 37819
8402 18402
11050 21050
13734 23734
32728 42728
29124 39124
16937 26937
22381 32381
22902 32902
20045 30045
32168 42168
2534 12534
2668 12668
31877 41877
24814 34814
650 10650
29791 39791
4431 14431
16353 26353
19959 29959
6276 16276
21471 31471
9337 19337
28565 38565
18610 28610
31354 41354
10358 20358
9337 19337
28348 38348
9341 19341
5966 15966
19850 29850
24061 34061
13729 23729
27754 37754
17634 27634
25396 35396
30333 40333
401 10401
8823 18823
1683 11683
7757 17757
421 10421
13306 23306
13330 23330
10737 20737
29581 39581
11263 21263
15881 25881
9273 19273
29042 39042
19551 29551
28158 38158
17247 27247
24622 34622
4058 14058
6075 16075
32725 42725
15105 25105
5889 15889
25252 35252
2113 12113
18310 28310
23636 33636
15688 25688
14023 24023
17894 27894
29607 39607
12086 22086
27526 37526
29004 39004
22730 32730
32018 42018
28773 38773
25753 35753
4456 14456
21224 31224
18959 28959
14168 24168
9776 19776
26815 36815
6716 16716
26356 36356
14131 24131
21874 31874
30515 40515
24616 34616
12173 22173
955 10955
23692 33692
15544 25544
23624 33624
32145 42145
6459 16459
2399 12399
27261 37261
436 10436
24266 34266
10248 20248
4284 14284
6022 16022
21990 31990
8769 18769
26542 36542
5404 15404
23581 33581
32748 42748
13817 23817
19349 29349
20198 30198
30263 40263
13156 23156
19882 29882
2018 12018
719 10719
1852 11852
1159 11159
28257 38257
18257 28257
1526 11526
1753 11753
16936 26936
14594 24594
29205 39205
26153 36153
882 10882
30911 40911
17487 27487
26216 36216
7220 17220
26423 36423
16107 26107
21451 31451
11941 21941
18775 28775
20589 30589
27353 37353
11518 21518
4358 14358
2421 12421
1730 11730
7806 17806
7699 17699
10725 20725
2546 12546
13746 23746
2923 12923
2370 12370
13542 23542
7155 17155
23696 33696
24157 34157
24382 34382
5680 15680
8006 18006
10802 20802
18196 28196
26350 36350
21904 31904
18960 28960
27277 37277
4492 14492
15322 25322
29946 39946
8109 18109
25292 35292
16248 26248
10318 20318
24176 34176
25231 35231
14671 24671
18340 28340
28950 38950
4832 14832
16594 26594
29689 39689
32446 42446
8244 18244
11057 21057
24077 34077
9270 19270
26352 36352
2764 12764
6153 16153
3858 13858
29228 39228
17134 27134
10853 20853
20219 30219
22455 32455
952 10952
28681 38681
20810 30810
5467 15467
16987 26987
32178 42178
15062 25062
21346 31346
395 10395
6296 16296
5129 15129
12376 22376
32304 42304
78 10078
31546 41546
31251 41251
5214 15214
4073 14073
20790 30790
30705 40705
28807 38807
31332 41332
5152 15152
10849 20849
24815 34815
9795 19795
23676 33676
9125 19125
23393 33393
27767 37767
12422 22422
24022 34022
2849 12849
16002 26002
8648 18648
12840 22840
31521 41521
30683 40683
26859 36859
21871 31871
12407 22407
24212 34212
29646 39646
32226 42226
18703 28703
5946 15946
6613 16613
5663 15663
29341 39341
4093 14093
27268 37268
8560 18560
19926 29926
10000 20000
19020 29020
13645 23645
4576 14576
4179 14179
20900 30900
11298 21298
1031 11031
15920 25920
8796 18796
30034 40034
6065 16065
20930 30930
10030 20030
9851 19851
19092 29092
22077 32077
29079 39079
12796 22796
4390 14390
19338 29338
10725 20725
26292 36292
26453 36453
17457 27457
17808 27808
7437 17437
22905 32905
6780 16780
30669 40669
13625 23625
6535 16535
218 10218
4193 14193
19132 29132
29831 39831
29057 39057
15539 25539
16683 26683
15432 25432
16727 26727
24358 34358
3635 13635
31058 41058
23059 33059
28837 38837
25820 35820
31004 41004
24479 34479
8320 18320
9743 19743
3199 13199
17601 27601
9846 19846
14935 24935
2667 12667
4859 14859
31507 41507
14564 24564
27353 37353
27056 37056
27196 37196
32725 42725
3584 13584
30855 40855
13320 23320
8631 18631
972 10972
30997 40997
12241 22241
19528 29528
26508 36508
27574 37574
9611 19611
3201 13201
9195 19195
7099 17099
20821 30821
5076 15076
13089 23089
11979 21979
17742 27742
25267 35267
12138 22138
17283 27283
7594 17594
31825 41825
18359 28359
25440 35440
15109 25109
1964 11964
27812 37812
19423 29423
30454 40454
459 10459
18859 28859
21218 31218
0 0
